texts/german2.txt
	    German: 0.932777
	    French: 0.370475
	        RO: 0.32085
	   Spanish: 0.306673
	   English: 0.294932
	        HR: 0.146255
