texts/english3.txt
	   English: 0.849468
	        RO: 0.406282
	    French: 0.383576
	    German: 0.303982
	   Spanish: 0.300707
	        HR: 0.217514
