texts/ro3.txt
	        RO: 0.896437
	    French: 0.511604
	   Spanish: 0.480858
	   English: 0.346901
	        HR: 0.342602
	    German: 0.323134
