texts/hr2.txt
	        HR: 0.95492
	        RO: 0.341472
	   Spanish: 0.228533
	    French: 0.220029
	   English: 0.205969
	    German: 0.159179
