texts/spanish3.txt
	   Spanish: 0.836458
	    French: 0.569162
	        RO: 0.486309
	    German: 0.319633
	   English: 0.292205
	        HR: 0.214276
