texts/french3.txt
	    French: 0.801428
	   Spanish: 0.553106
	        RO: 0.5292
	   English: 0.402965
	    German: 0.364123
	        HR: 0.271965
